LR: 0.909855 (0.047737)
LDA: 0.912029 (0.045295)
KNN: 0.892222 (0.053623)
CART: 0.878889 (0.055370)
NB: 0.898841 (0.039835)
SVM: 0.689517 (0.093961)
